 45623831]: [1, 11, 53, 139, 563, 583, 1529, 6193, 7367, 29839, 78257, 81037, 328229, 860827, 4147621, 45623831]
 54864318]: [1, 2, 3, 6, 73, 146, 219, 438, 125261, 250522, 375783, 751566, 9144053, 18288106, 27432159, 54864318]
 13645342]: [1, 2, 389, 778, 17539, 35078, 6822671, 13645342]
 54831234]: [1, 2, 3, 6, 47, 94, 127, 141, 254, 282, 381, 762, 1531, 3062, 4593, 5969, 9186, 11938, 17907, 35814, 71957, 143914, 194437, 215871, 388874, 431742, 583311, 1166622, 9138539, 18277078, 27415617, 54831234]
[1]: [1]
 2]: [1, 2]
 5]: [1, 5]
 4]: [1, 2, 4]
 2]: [1, 2]
[1]: [1]
 6]: [1, 2, 3, 6]
 6]: [1, 2, 3, 6]
 4]: [1, 2, 4]
 5486431]: [1, 1061, 5171, 5486431]
 2]: [1, 2]
 12]: [1, 2, 3, 4, 6, 12]
 46]: [1, 2, 23, 46]
 32]: [1, 2, 4, 8, 16, 32]
 34]: [1, 2, 17, 34]
 32]: [1, 2, 4, 8, 16, 32]
 4562383]: [1, 7, 651769, 4562383]
 6]: [1, 2, 3, 6]
 6]: [1, 2, 3, 6]
 6]: [1, 2, 3, 6]
 6]: [1, 2, 3, 6]
[1]: [1]
 1823652415]: [1, 5, 13, 65, 28056191, 140280955, 364730483, 1823652415]
 1111111]: [1, 239, 4649, 1111111]
 4111256382]: [1, 2, 3, 6, 685209397, 1370418794, 2055628191, 4111256382]
